j = sqrt(-1);
Ybus = sparse(3);
Ybus(    1,    1) =      0.0000+ j*(  -20.0000);
Ybus(    1,    2) =     -0.0000+ j*(   10.0000);
Ybus(    1,    3) =     -0.0000+ j*(   10.0000);
Ybus(    2,    1) =     -0.0000+ j*(   10.0000);
Ybus(    2,    2) =      0.0000+ j*(  -20.0000);
Ybus(    2,    3) =     -0.0000+ j*(   10.0000);
Ybus(    3,    1) =     -0.0000+ j*(   10.0000);
Ybus(    3,    2) =     -0.0000+ j*(   10.0000);
Ybus(    3,    3) =      0.0000+ j*(  -20.0000);
V(    1) =  1.000000 + j*( 0.000000);
V(    2) =  0.998190 + j*(-0.060084);
V(    3) =  0.992784 + j*(-0.119963);
